0 1
10 6.77034
20 1
30 2
40 3.90856
50 5.05378
60 5.62582
70 6.14322
80 6.77034
90 1
100 3
110 4.16441
120 5.05378
130 5.80357
140 6.306
150 6.91805
160 1
170 3.33333
180 4.16441
190 5.05378
200 5.97588
210 6.61927
220 6.91805
230 1
240 3.33333
250 4.16441
260 5.05378
270 5.97588
280 6.77034
290 6.91805
300 1
310 3.33333
320 4.40454
330 5.05378
340 5.97588
350 6.77034
360 1
370 2
380 3.63333
390 4.63158
400 5.25165
410 5.97588
420 6.77034
430 1
440 2
450 3.90856
460 4.84749
470 5.62582
480 6.14322
490 6.77034
500 1
510 2
520 4.16441
530 5.05378
540 5.80357
550 6.306
560 6.77034
570 1
580 3.33333
590 4.16441
600 5.05378
610 5.97588
620 6.61927
630 6.91805
640 1
650 3.33333
660 4.16441
670 5.05378
680 5.97588
690 6.77034
700 6.91805
710 1
720 3.33333
730 4.40454
740 5.05378
750 5.97588
760 6.77034
770 1
780 2
790 3.63333
800 4.63158
810 5.25165
820 5.97588
830 6.77034
840 1
850 2
860 3.90856
870 4.84749
880 5.62582
890 6.14322
900 6.77034
910 1
920 2
930 4.16441
940 5.05378
950 5.80357
960 6.306
970 6.77034
980 1
990 3.33333
1000 4.16441
