0 1
10 10.8528
20 5
30 10.3222
40 1
50 8.96692
60 12.3583
70 7.49836
80 11.1636
90 2
100 10.0259
110 1
120 8.62359
130 12.1123
140 6.73066
150 9.18859
160 1
170 7.83937
180 11.0363
190 12.914
200 6.32883
210 8.3868
220 10.515
230 12.5196
240 4
250 8.14301
260 10.0259
270 12.1123
280 1
290 7.49836
300 9.61645
310 11.6907
320 1
330 7.22412
340 9.07844
350 11.2532
360 1
370 6.48684
380 8.73956
390 10.7978
400 12.7577
410 6
420 8.14301
430 10.3222
440 12.3583
450 2
460 7.89158
470 9.92511
480 11.9455
490 1
500 7.22412
510 9.40498
520 11.5177
530 1
540 6.79157
550 9.07844
560 11.0733
570 12.914
580 6.32883
590 8.3868
600 10.6101
610 12.5995
620 4
630 8.14301
640 10.0259
650 12.1949
660 2
670 7.49836
680 9.61645
690 11.7762
700 1
710 7.22412
720 9.07844
730 11.2532
740 1
750 6.48684
760 8.73956
770 10.7978
780 12.7577
790 6
800 8.14301
810 10.3222
820 12.3583
830 3
840 7.89158
850 9.92511
860 11.9455
870 1
880 7.22412
890 9.40498
900 11.5177
910 1
920 6.93882
930 9.07844
940 11.0733
950 12.914
960 6.32883
970 8.50603
980 10.6101
990 12.5995
1000 4
