0 0.0
10 0.033600000000000005
20 0.032800000000000003
30 0.032800000000000003
40 0.033600000000000005
50 0.033600000000000005
60 0.033600000000000005
70 0.032000000000000001
80 0.033600000000000005
90 0.033600000000000005
100 0.033600000000000005
110 0.032800000000000003
120 0.032800000000000003
130 0.033600000000000005
140 0.033600000000000005
150 0.033600000000000005
160 0.032800000000000003
170 0.032800000000000003
180 0.033600000000000005
190 0.033600000000000005
200 0.033600000000000005
210 0.032800000000000003
220 0.032800000000000003
230 0.033600000000000005
240 0.033600000000000005
250 0.033600000000000005
260 0.032800000000000003
270 0.032800000000000003
280 0.033600000000000005
290 0.033600000000000005
300 0.033600000000000005
310 0.032000000000000001
320 0.033600000000000005
330 0.033600000000000005
340 0.033600000000000005
350 0.032800000000000003
360 0.032800000000000003
370 0.033600000000000005
380 0.033600000000000005
390 0.033600000000000005
400 0.032800000000000003
410 0.032800000000000003
420 0.033600000000000005
430 0.033600000000000005
440 0.033600000000000005
450 0.032800000000000003
460 0.032800000000000003
470 0.033600000000000005
480 0.033600000000000005
490 0.033600000000000005
500 0.032000000000000001
510 0.033600000000000005
520 0.033600000000000005
530 0.033600000000000005
540 0.032800000000000003
550 0.032800000000000003
560 0.033600000000000005
570 0.033600000000000005
580 0.033600000000000005
590 0.032800000000000003
600 0.032800000000000003
610 0.033600000000000005
620 0.033600000000000005
630 0.033600000000000005
640 0.032800000000000003
650 0.032800000000000003
660 0.033600000000000005
670 0.033600000000000005
680 0.033600000000000005
690 0.032800000000000003
700 0.032800000000000003
710 0.033600000000000005
720 0.033600000000000005
730 0.033600000000000005
740 0.032000000000000001
750 0.033600000000000005
760 0.033600000000000005
770 0.033600000000000005
780 0.032800000000000003
790 0.032800000000000003
800 0.033600000000000005
810 0.033600000000000005
820 0.033600000000000005
830 0.032800000000000003
840 0.032800000000000003
850 0.033600000000000005
860 0.033600000000000005
870 0.033600000000000005
880 0.032800000000000003
890 0.032800000000000003
900 0.033600000000000005
910 0.033600000000000005
920 0.033600000000000005
930 0.032000000000000001
940 0.033600000000000005
950 0.033600000000000005
960 0.033600000000000005
970 0.032800000000000003
980 0.032800000000000003
990 0.033600000000000005
1000 0.033600000000000005
