0 0.0
1 0.056000000000000001
2 0.056000000000000001
3 0.087999999999999995
4 0.064000000000000001
5 0.064000000000000001
6 0.064000000000000001
7 0.064000000000000001
8 0.064000000000000001
9 0.071999999999999995
10 0.064000000000000001
11 0.071999999999999995
12 0.064000000000000001
13 0.071999999999999995
14 0.064000000000000001
15 0.071999999999999995
16 0.064000000000000001
17 0.064000000000000001
18 0.064000000000000001
19 0.064000000000000001
20 0.064000000000000001
21 0.071999999999999995
22 0.064000000000000001
23 0.071999999999999995
24 0.064000000000000001
25 0.071999999999999995
26 0.064000000000000001
27 0.071999999999999995
28 0.064000000000000001
29 0.064000000000000001
30 0.064000000000000001
31 0.064000000000000001
32 0.064000000000000001
33 0.071999999999999995
34 0.064000000000000001
35 0.071999999999999995
36 0.064000000000000001
37 0.071999999999999995
38 0.064000000000000001
39 0.071999999999999995
40 0.064000000000000001
41 0.064000000000000001
42 0.064000000000000001
43 0.064000000000000001
44 0.064000000000000001
45 0.071999999999999995
46 0.064000000000000001
47 0.071999999999999995
48 0.064000000000000001
49 0.071999999999999995
50 0.064000000000000001
51 0.071999999999999995
52 0.064000000000000001
53 0.064000000000000001
54 0.064000000000000001
55 0.064000000000000001
56 0.064000000000000001
57 0.071999999999999995
58 0.064000000000000001
59 0.071999999999999995
60 0.064000000000000001
61 0.071999999999999995
62 0.064000000000000001
63 0.071999999999999995
64 0.064000000000000001
65 0.064000000000000001
66 0.064000000000000001
67 0.064000000000000001
68 0.064000000000000001
69 0.071999999999999995
70 0.064000000000000001
71 0.071999999999999995
72 0.064000000000000001
73 0.071999999999999995
74 0.064000000000000001
75 0.071999999999999995
76 0.064000000000000001
77 0.064000000000000001
78 0.064000000000000001
79 0.064000000000000001
80 0.064000000000000001
81 0.071999999999999995
82 0.064000000000000001
83 0.071999999999999995
84 0.064000000000000001
85 0.071999999999999995
86 0.064000000000000001
87 0.071999999999999995
88 0.064000000000000001
89 0.064000000000000001
90 0.064000000000000001
91 0.064000000000000001
92 0.064000000000000001
93 0.071999999999999995
94 0.064000000000000001
95 0.071999999999999995
96 0.064000000000000001
97 0.071999999999999995
98 0.064000000000000001
99 0.071999999999999995
100 0.064000000000000001
101 0.064000000000000001
102 0.064000000000000001
103 0.064000000000000001
104 0.064000000000000001
105 0.071999999999999995
106 0.064000000000000001
107 0.071999999999999995
108 0.064000000000000001
109 0.071999999999999995
110 0.064000000000000001
111 0.071999999999999995
112 0.064000000000000001
113 0.064000000000000001
114 0.064000000000000001
115 0.064000000000000001
116 0.064000000000000001
117 0.071999999999999995
118 0.064000000000000001
119 0.071999999999999995
120 0.064000000000000001
121 0.071999999999999995
122 0.064000000000000001
123 0.071999999999999995
124 0.064000000000000001
125 0.064000000000000001
126 0.064000000000000001
127 0.064000000000000001
128 0.064000000000000001
129 0.071999999999999995
130 0.064000000000000001
131 0.071999999999999995
132 0.064000000000000001
133 0.071999999999999995
134 0.064000000000000001
135 0.071999999999999995
136 0.064000000000000001
137 0.064000000000000001
138 0.064000000000000001
139 0.064000000000000001
140 0.064000000000000001
141 0.071999999999999995
142 0.064000000000000001
143 0.071999999999999995
144 0.064000000000000001
145 0.071999999999999995
146 0.064000000000000001
147 0.071999999999999995
148 0.064000000000000001
149 0.064000000000000001
150 0.064000000000000001
151 0.064000000000000001
152 0.064000000000000001
153 0.071999999999999995
154 0.064000000000000001
155 0.071999999999999995
156 0.064000000000000001
157 0.071999999999999995
158 0.064000000000000001
159 0.071999999999999995
160 0.064000000000000001
161 0.064000000000000001
162 0.064000000000000001
163 0.064000000000000001
164 0.064000000000000001
165 0.071999999999999995
166 0.064000000000000001
167 0.071999999999999995
168 0.064000000000000001
169 0.071999999999999995
170 0.064000000000000001
171 0.071999999999999995
172 0.064000000000000001
173 0.064000000000000001
174 0.064000000000000001
175 0.064000000000000001
176 0.064000000000000001
177 0.071999999999999995
178 0.064000000000000001
179 0.071999999999999995
180 0.064000000000000001
181 0.071999999999999995
182 0.064000000000000001
183 0.071999999999999995
184 0.064000000000000001
185 0.064000000000000001
186 0.064000000000000001
187 0.064000000000000001
188 0.064000000000000001
189 0.071999999999999995
190 0.064000000000000001
191 0.071999999999999995
192 0.064000000000000001
193 0.071999999999999995
194 0.064000000000000001
195 0.071999999999999995
196 0.064000000000000001
197 0.064000000000000001
198 0.064000000000000001
199 0.064000000000000001
200 0.064000000000000001
201 0.071999999999999995
202 0.064000000000000001
203 0.071999999999999995
204 0.064000000000000001
205 0.071999999999999995
206 0.064000000000000001
207 0.071999999999999995
208 0.064000000000000001
209 0.064000000000000001
210 0.064000000000000001
211 0.064000000000000001
212 0.064000000000000001
213 0.071999999999999995
214 0.064000000000000001
215 0.071999999999999995
216 0.064000000000000001
217 0.071999999999999995
218 0.064000000000000001
219 0.071999999999999995
220 0.064000000000000001
221 0.064000000000000001
222 0.064000000000000001
223 0.064000000000000001
224 0.064000000000000001
225 0.071999999999999995
226 0.064000000000000001
227 0.071999999999999995
228 0.064000000000000001
229 0.071999999999999995
230 0.064000000000000001
231 0.071999999999999995
232 0.064000000000000001
233 0.064000000000000001
234 0.064000000000000001
235 0.064000000000000001
236 0.064000000000000001
237 0.071999999999999995
238 0.064000000000000001
239 0.071999999999999995
240 0.064000000000000001
241 0.071999999999999995
242 0.064000000000000001
243 0.071999999999999995
244 0.064000000000000001
245 0.064000000000000001
246 0.064000000000000001
247 0.064000000000000001
248 0.064000000000000001
249 0.071999999999999995
250 0.064000000000000001
251 0.071999999999999995
252 0.064000000000000001
253 0.071999999999999995
254 0.064000000000000001
255 0.071999999999999995
256 0.064000000000000001
257 0.064000000000000001
258 0.064000000000000001
259 0.064000000000000001
260 0.064000000000000001
261 0.071999999999999995
262 0.064000000000000001
263 0.071999999999999995
264 0.064000000000000001
265 0.071999999999999995
266 0.064000000000000001
267 0.071999999999999995
268 0.064000000000000001
269 0.064000000000000001
270 0.064000000000000001
271 0.064000000000000001
272 0.064000000000000001
273 0.071999999999999995
274 0.064000000000000001
275 0.071999999999999995
276 0.064000000000000001
277 0.071999999999999995
278 0.064000000000000001
279 0.071999999999999995
280 0.064000000000000001
281 0.064000000000000001
282 0.064000000000000001
283 0.064000000000000001
284 0.064000000000000001
285 0.071999999999999995
286 0.064000000000000001
287 0.071999999999999995
288 0.064000000000000001
289 0.071999999999999995
290 0.064000000000000001
291 0.071999999999999995
292 0.064000000000000001
293 0.064000000000000001
294 0.064000000000000001
295 0.064000000000000001
296 0.064000000000000001
297 0.071999999999999995
298 0.064000000000000001
299 0.071999999999999995
300 0.064000000000000001
301 0.071999999999999995
302 0.064000000000000001
303 0.071999999999999995
304 0.064000000000000001
305 0.064000000000000001
306 0.064000000000000001
307 0.064000000000000001
308 0.064000000000000001
309 0.071999999999999995
310 0.064000000000000001
311 0.071999999999999995
312 0.064000000000000001
313 0.071999999999999995
314 0.064000000000000001
315 0.071999999999999995
316 0.064000000000000001
317 0.064000000000000001
318 0.064000000000000001
319 0.064000000000000001
320 0.064000000000000001
321 0.071999999999999995
322 0.064000000000000001
323 0.071999999999999995
324 0.064000000000000001
325 0.071999999999999995
326 0.064000000000000001
327 0.071999999999999995
328 0.064000000000000001
329 0.064000000000000001
330 0.064000000000000001
331 0.064000000000000001
332 0.064000000000000001
333 0.071999999999999995
334 0.064000000000000001
335 0.071999999999999995
336 0.064000000000000001
337 0.071999999999999995
338 0.064000000000000001
339 0.071999999999999995
340 0.064000000000000001
341 0.064000000000000001
342 0.064000000000000001
343 0.064000000000000001
344 0.064000000000000001
345 0.071999999999999995
346 0.064000000000000001
347 0.071999999999999995
348 0.064000000000000001
349 0.071999999999999995
350 0.064000000000000001
351 0.071999999999999995
352 0.064000000000000001
353 0.064000000000000001
354 0.064000000000000001
355 0.064000000000000001
356 0.064000000000000001
357 0.071999999999999995
358 0.064000000000000001
359 0.071999999999999995
360 0.064000000000000001
361 0.071999999999999995
362 0.064000000000000001
363 0.071999999999999995
364 0.064000000000000001
365 0.064000000000000001
366 0.064000000000000001
367 0.064000000000000001
368 0.064000000000000001
369 0.071999999999999995
370 0.064000000000000001
371 0.071999999999999995
372 0.064000000000000001
373 0.071999999999999995
374 0.064000000000000001
375 0.071999999999999995
376 0.064000000000000001
377 0.064000000000000001
378 0.064000000000000001
379 0.064000000000000001
380 0.064000000000000001
381 0.071999999999999995
382 0.064000000000000001
383 0.071999999999999995
384 0.064000000000000001
385 0.071999999999999995
386 0.064000000000000001
387 0.071999999999999995
388 0.064000000000000001
389 0.064000000000000001
390 0.064000000000000001
391 0.064000000000000001
392 0.064000000000000001
393 0.071999999999999995
394 0.064000000000000001
395 0.071999999999999995
396 0.064000000000000001
397 0.071999999999999995
398 0.064000000000000001
399 0.071999999999999995
400 0.064000000000000001
401 0.064000000000000001
402 0.064000000000000001
403 0.064000000000000001
404 0.064000000000000001
405 0.071999999999999995
406 0.064000000000000001
407 0.071999999999999995
408 0.064000000000000001
409 0.071999999999999995
410 0.064000000000000001
411 0.071999999999999995
412 0.064000000000000001
413 0.064000000000000001
414 0.064000000000000001
415 0.064000000000000001
416 0.064000000000000001
417 0.071999999999999995
418 0.064000000000000001
419 0.071999999999999995
420 0.064000000000000001
421 0.071999999999999995
422 0.064000000000000001
423 0.071999999999999995
424 0.064000000000000001
425 0.064000000000000001
426 0.064000000000000001
427 0.064000000000000001
428 0.064000000000000001
429 0.071999999999999995
430 0.064000000000000001
431 0.071999999999999995
432 0.064000000000000001
433 0.071999999999999995
434 0.064000000000000001
435 0.071999999999999995
436 0.064000000000000001
437 0.064000000000000001
438 0.064000000000000001
439 0.064000000000000001
440 0.064000000000000001
441 0.071999999999999995
442 0.064000000000000001
443 0.071999999999999995
444 0.064000000000000001
445 0.071999999999999995
446 0.064000000000000001
447 0.071999999999999995
448 0.064000000000000001
449 0.064000000000000001
450 0.064000000000000001
451 0.064000000000000001
452 0.064000000000000001
453 0.071999999999999995
454 0.064000000000000001
455 0.071999999999999995
456 0.064000000000000001
457 0.071999999999999995
458 0.064000000000000001
459 0.071999999999999995
460 0.064000000000000001
461 0.064000000000000001
462 0.064000000000000001
463 0.064000000000000001
464 0.064000000000000001
465 0.071999999999999995
466 0.064000000000000001
467 0.071999999999999995
468 0.064000000000000001
469 0.071999999999999995
470 0.064000000000000001
471 0.071999999999999995
472 0.064000000000000001
473 0.064000000000000001
474 0.064000000000000001
475 0.064000000000000001
476 0.064000000000000001
477 0.071999999999999995
478 0.064000000000000001
479 0.071999999999999995
480 0.064000000000000001
481 0.071999999999999995
482 0.064000000000000001
483 0.071999999999999995
484 0.064000000000000001
485 0.064000000000000001
486 0.064000000000000001
487 0.064000000000000001
488 0.064000000000000001
489 0.071999999999999995
490 0.064000000000000001
491 0.071999999999999995
492 0.064000000000000001
493 0.071999999999999995
494 0.064000000000000001
495 0.071999999999999995
496 0.064000000000000001
497 0.064000000000000001
498 0.064000000000000001
499 0.064000000000000001
500 0.064000000000000001
501 0.071999999999999995
502 0.064000000000000001
503 0.071999999999999995
504 0.064000000000000001
505 0.071999999999999995
506 0.064000000000000001
507 0.071999999999999995
508 0.064000000000000001
509 0.064000000000000001
510 0.064000000000000001
511 0.064000000000000001
512 0.064000000000000001
513 0.071999999999999995
514 0.064000000000000001
515 0.071999999999999995
516 0.064000000000000001
517 0.071999999999999995
518 0.064000000000000001
519 0.071999999999999995
520 0.064000000000000001
521 0.064000000000000001
522 0.064000000000000001
523 0.064000000000000001
524 0.064000000000000001
525 0.071999999999999995
526 0.064000000000000001
527 0.071999999999999995
528 0.064000000000000001
529 0.071999999999999995
530 0.064000000000000001
531 0.071999999999999995
532 0.064000000000000001
533 0.064000000000000001
534 0.064000000000000001
535 0.064000000000000001
536 0.064000000000000001
537 0.071999999999999995
538 0.064000000000000001
539 0.071999999999999995
540 0.064000000000000001
541 0.071999999999999995
542 0.064000000000000001
543 0.071999999999999995
544 0.064000000000000001
545 0.064000000000000001
546 0.064000000000000001
547 0.064000000000000001
548 0.064000000000000001
549 0.071999999999999995
550 0.064000000000000001
551 0.071999999999999995
552 0.064000000000000001
553 0.071999999999999995
554 0.064000000000000001
555 0.071999999999999995
556 0.064000000000000001
557 0.064000000000000001
558 0.064000000000000001
559 0.064000000000000001
560 0.064000000000000001
561 0.071999999999999995
562 0.064000000000000001
563 0.071999999999999995
564 0.064000000000000001
565 0.071999999999999995
566 0.064000000000000001
567 0.071999999999999995
568 0.064000000000000001
569 0.064000000000000001
570 0.064000000000000001
571 0.064000000000000001
572 0.064000000000000001
573 0.071999999999999995
574 0.064000000000000001
575 0.071999999999999995
576 0.064000000000000001
577 0.071999999999999995
578 0.064000000000000001
579 0.071999999999999995
580 0.064000000000000001
581 0.064000000000000001
582 0.064000000000000001
583 0.064000000000000001
584 0.064000000000000001
585 0.071999999999999995
586 0.064000000000000001
587 0.071999999999999995
588 0.064000000000000001
589 0.071999999999999995
590 0.064000000000000001
591 0.071999999999999995
592 0.064000000000000001
593 0.064000000000000001
594 0.064000000000000001
595 0.064000000000000001
596 0.064000000000000001
597 0.071999999999999995
598 0.064000000000000001
599 0.071999999999999995
600 0.064000000000000001
601 0.071999999999999995
602 0.064000000000000001
603 0.071999999999999995
604 0.064000000000000001
605 0.064000000000000001
606 0.064000000000000001
607 0.064000000000000001
608 0.064000000000000001
609 0.071999999999999995
610 0.064000000000000001
611 0.071999999999999995
612 0.064000000000000001
613 0.071999999999999995
614 0.064000000000000001
615 0.071999999999999995
616 0.064000000000000001
617 0.064000000000000001
618 0.064000000000000001
619 0.064000000000000001
620 0.064000000000000001
621 0.071999999999999995
622 0.064000000000000001
623 0.071999999999999995
624 0.064000000000000001
625 0.071999999999999995
626 0.064000000000000001
627 0.071999999999999995
628 0.064000000000000001
629 0.064000000000000001
630 0.064000000000000001
631 0.064000000000000001
632 0.064000000000000001
633 0.071999999999999995
634 0.064000000000000001
635 0.071999999999999995
636 0.064000000000000001
637 0.071999999999999995
638 0.064000000000000001
639 0.071999999999999995
640 0.064000000000000001
641 0.064000000000000001
642 0.064000000000000001
643 0.064000000000000001
644 0.064000000000000001
645 0.071999999999999995
646 0.064000000000000001
647 0.071999999999999995
648 0.064000000000000001
649 0.071999999999999995
650 0.064000000000000001
651 0.071999999999999995
652 0.064000000000000001
653 0.064000000000000001
654 0.064000000000000001
655 0.064000000000000001
656 0.064000000000000001
657 0.071999999999999995
658 0.064000000000000001
659 0.071999999999999995
660 0.064000000000000001
661 0.071999999999999995
662 0.064000000000000001
663 0.071999999999999995
664 0.064000000000000001
665 0.064000000000000001
666 0.064000000000000001
667 0.064000000000000001
668 0.064000000000000001
669 0.071999999999999995
670 0.064000000000000001
671 0.071999999999999995
672 0.064000000000000001
673 0.071999999999999995
674 0.064000000000000001
675 0.071999999999999995
676 0.064000000000000001
677 0.064000000000000001
678 0.064000000000000001
679 0.064000000000000001
680 0.064000000000000001
681 0.071999999999999995
682 0.064000000000000001
683 0.071999999999999995
684 0.064000000000000001
685 0.071999999999999995
686 0.064000000000000001
687 0.071999999999999995
688 0.064000000000000001
689 0.064000000000000001
690 0.064000000000000001
691 0.064000000000000001
692 0.064000000000000001
693 0.071999999999999995
694 0.064000000000000001
695 0.071999999999999995
696 0.064000000000000001
697 0.071999999999999995
698 0.064000000000000001
699 0.071999999999999995
700 0.064000000000000001
701 0.064000000000000001
702 0.064000000000000001
703 0.064000000000000001
704 0.064000000000000001
705 0.071999999999999995
706 0.064000000000000001
707 0.071999999999999995
708 0.064000000000000001
709 0.071999999999999995
710 0.064000000000000001
711 0.071999999999999995
712 0.064000000000000001
713 0.064000000000000001
714 0.064000000000000001
715 0.064000000000000001
716 0.064000000000000001
717 0.071999999999999995
718 0.064000000000000001
719 0.071999999999999995
720 0.064000000000000001
721 0.071999999999999995
722 0.064000000000000001
723 0.071999999999999995
724 0.064000000000000001
725 0.064000000000000001
726 0.064000000000000001
727 0.064000000000000001
728 0.064000000000000001
729 0.071999999999999995
730 0.064000000000000001
731 0.071999999999999995
732 0.064000000000000001
733 0.071999999999999995
734 0.064000000000000001
735 0.071999999999999995
736 0.064000000000000001
737 0.064000000000000001
738 0.064000000000000001
739 0.064000000000000001
740 0.064000000000000001
741 0.071999999999999995
742 0.064000000000000001
743 0.071999999999999995
744 0.064000000000000001
745 0.071999999999999995
746 0.064000000000000001
747 0.071999999999999995
748 0.064000000000000001
749 0.064000000000000001
750 0.064000000000000001
751 0.064000000000000001
752 0.064000000000000001
753 0.071999999999999995
754 0.064000000000000001
755 0.071999999999999995
756 0.064000000000000001
757 0.071999999999999995
758 0.064000000000000001
759 0.071999999999999995
760 0.064000000000000001
761 0.064000000000000001
762 0.064000000000000001
763 0.064000000000000001
764 0.064000000000000001
765 0.071999999999999995
766 0.064000000000000001
767 0.071999999999999995
768 0.064000000000000001
769 0.071999999999999995
770 0.064000000000000001
771 0.071999999999999995
772 0.064000000000000001
773 0.064000000000000001
774 0.064000000000000001
775 0.064000000000000001
776 0.064000000000000001
777 0.071999999999999995
778 0.064000000000000001
779 0.071999999999999995
780 0.064000000000000001
781 0.071999999999999995
782 0.064000000000000001
783 0.071999999999999995
784 0.064000000000000001
785 0.064000000000000001
786 0.064000000000000001
787 0.064000000000000001
788 0.064000000000000001
789 0.071999999999999995
790 0.064000000000000001
791 0.071999999999999995
792 0.064000000000000001
793 0.071999999999999995
794 0.064000000000000001
795 0.071999999999999995
796 0.064000000000000001
797 0.064000000000000001
798 0.064000000000000001
799 0.064000000000000001
800 0.064000000000000001
801 0.071999999999999995
802 0.064000000000000001
803 0.071999999999999995
804 0.064000000000000001
805 0.071999999999999995
806 0.064000000000000001
807 0.071999999999999995
808 0.064000000000000001
809 0.064000000000000001
810 0.064000000000000001
811 0.064000000000000001
812 0.064000000000000001
813 0.071999999999999995
814 0.064000000000000001
815 0.071999999999999995
816 0.064000000000000001
817 0.071999999999999995
818 0.064000000000000001
819 0.071999999999999995
820 0.064000000000000001
821 0.064000000000000001
822 0.064000000000000001
823 0.064000000000000001
824 0.064000000000000001
825 0.071999999999999995
826 0.064000000000000001
827 0.071999999999999995
828 0.064000000000000001
829 0.071999999999999995
830 0.064000000000000001
831 0.071999999999999995
832 0.064000000000000001
833 0.064000000000000001
834 0.064000000000000001
835 0.064000000000000001
836 0.064000000000000001
837 0.071999999999999995
838 0.064000000000000001
839 0.071999999999999995
840 0.064000000000000001
841 0.071999999999999995
842 0.064000000000000001
843 0.071999999999999995
844 0.064000000000000001
845 0.064000000000000001
846 0.064000000000000001
847 0.064000000000000001
848 0.064000000000000001
849 0.071999999999999995
850 0.064000000000000001
851 0.071999999999999995
852 0.064000000000000001
853 0.071999999999999995
854 0.064000000000000001
855 0.071999999999999995
856 0.064000000000000001
857 0.064000000000000001
858 0.064000000000000001
859 0.064000000000000001
860 0.064000000000000001
861 0.071999999999999995
862 0.064000000000000001
863 0.071999999999999995
864 0.064000000000000001
865 0.071999999999999995
866 0.064000000000000001
867 0.071999999999999995
868 0.064000000000000001
869 0.064000000000000001
870 0.064000000000000001
871 0.064000000000000001
872 0.064000000000000001
873 0.071999999999999995
874 0.064000000000000001
875 0.071999999999999995
876 0.064000000000000001
877 0.071999999999999995
878 0.064000000000000001
879 0.071999999999999995
880 0.064000000000000001
881 0.064000000000000001
882 0.064000000000000001
883 0.064000000000000001
884 0.064000000000000001
885 0.071999999999999995
886 0.064000000000000001
887 0.071999999999999995
888 0.064000000000000001
889 0.071999999999999995
890 0.064000000000000001
891 0.071999999999999995
892 0.064000000000000001
893 0.064000000000000001
894 0.064000000000000001
895 0.064000000000000001
896 0.064000000000000001
897 0.071999999999999995
898 0.064000000000000001
899 0.071999999999999995
900 0.064000000000000001
901 0.071999999999999995
902 0.064000000000000001
903 0.071999999999999995
904 0.064000000000000001
905 0.064000000000000001
906 0.064000000000000001
907 0.064000000000000001
908 0.064000000000000001
909 0.071999999999999995
910 0.064000000000000001
911 0.071999999999999995
912 0.064000000000000001
913 0.071999999999999995
914 0.064000000000000001
915 0.071999999999999995
916 0.064000000000000001
917 0.064000000000000001
918 0.064000000000000001
919 0.064000000000000001
920 0.064000000000000001
921 0.071999999999999995
922 0.064000000000000001
923 0.071999999999999995
924 0.064000000000000001
925 0.071999999999999995
926 0.064000000000000001
927 0.071999999999999995
928 0.064000000000000001
929 0.064000000000000001
930 0.064000000000000001
931 0.064000000000000001
932 0.064000000000000001
933 0.071999999999999995
934 0.064000000000000001
935 0.071999999999999995
936 0.064000000000000001
937 0.071999999999999995
938 0.064000000000000001
939 0.071999999999999995
940 0.064000000000000001
941 0.064000000000000001
942 0.064000000000000001
943 0.064000000000000001
944 0.064000000000000001
945 0.071999999999999995
946 0.064000000000000001
947 0.071999999999999995
948 0.064000000000000001
949 0.071999999999999995
950 0.064000000000000001
951 0.071999999999999995
952 0.064000000000000001
953 0.064000000000000001
954 0.064000000000000001
955 0.064000000000000001
956 0.064000000000000001
957 0.071999999999999995
958 0.064000000000000001
959 0.071999999999999995
960 0.064000000000000001
961 0.071999999999999995
962 0.064000000000000001
963 0.071999999999999995
964 0.064000000000000001
965 0.064000000000000001
966 0.064000000000000001
967 0.064000000000000001
968 0.064000000000000001
969 0.071999999999999995
970 0.064000000000000001
971 0.071999999999999995
972 0.064000000000000001
973 0.071999999999999995
974 0.064000000000000001
975 0.071999999999999995
976 0.064000000000000001
977 0.064000000000000001
978 0.064000000000000001
979 0.064000000000000001
980 0.064000000000000001
981 0.071999999999999995
982 0.064000000000000001
983 0.071999999999999995
984 0.064000000000000001
985 0.071999999999999995
986 0.064000000000000001
987 0.071999999999999995
988 0.064000000000000001
989 0.064000000000000001
990 0.064000000000000001
991 0.064000000000000001
992 0.064000000000000001
993 0.071999999999999995
994 0.064000000000000001
995 0.071999999999999995
996 0.064000000000000001
997 0.071999999999999995
998 0.064000000000000001
999 0.071999999999999995
1000 0.064000000000000001
