0 0
10 84
20 84
30 84
40 84
50 84
60 84
70 84
80 84
90 84
100 84
110 84
120 84
130 84
140 67
150 75
160 74
170 66
180 83
190 75
200 35
210 75
220 75
230 75
240 75
250 75
260 75
270 75
280 75
290 75
300 75
310 74
320 75
330 50
340 75
350 75
360 75
370 49
380 75
390 75
400 74
410 34
420 74
430 75
440 75
450 75
460 75
470 75
480 75
490 75
500 75
510 74
520 75
530 75
540 50
550 75
560 75
570 75
580 35
590 75
600 75
610 75
620 35
630 75
640 75
650 75
660 75
670 75
680 75
690 75
700 75
710 49
720 75
730 75
740 74
750 50
760 75
770 75
780 75
790 34
800 75
810 75
820 75
830 74
840 75
850 74
860 75
870 75
880 75
890 75
900 75
910 75
920 50
930 75
940 74
950 75
960 50
970 75
980 75
990 75
1000 34
