0 0
10 83
20 18
30 74
40 92
50 59
60 83
70 50
80 84
90 92
100 67
110 91
120 58
130 83
140 74
150 83
160 92
170 67
180 83
190 91
200 34
210 83
220 83
230 84
240 18
250 75
260 83
270 83
280 91
290 75
300 83
310 83
320 92
330 50
340 83
350 84
360 92
370 50
380 84
390 83
400 83
410 33
420 75
430 83
440 83
450 92
460 75
470 84
480 84
490 91
500 50
510 83
520 83
530 91
540 50
550 83
560 83
570 91
580 33
590 83
600 84
610 83
620 18
630 74
640 83
650 83
660 92
670 75
680 83
690 83
700 92
710 50
720 84
730 84
740 92
750 50
760 83
770 83
780 83
790 34
800 75
810 83
820 84
830 18
840 75
850 83
860 83
870 91
880 50
890 83
900 83
910 91
920 50
930 83
940 83
950 92
960 33
970 84
980 83
990 83
1000 18
